# transform file transforms/talairach_with_skull.lta
# created by jjlee on Fri Mar  7 00:30:29 2014

type      = 0
nxforms   = 1
mean      = 127.0000 134.0000 131.0000
sigma     = 10000.0000
1 4 4
9.420222043991089e-01 -1.761721074581146e-02 -1.376982871443033e-02 1.074032497406006e+01 
1.454913243651390e-02 1.108395218849182e+00 -1.133421882987022e-01 -2.197069358825684e+01 
1.635111309587955e-02 1.079923808574677e-01 9.531247019767761e-01 -3.060159301757812e+01 
0.000000000000000e+00 0.000000000000000e+00 0.000000000000000e+00 1.000000000000000e+00 
src volume info
valid = 1  # volume info valid
filename = nu.mgz
volume = 256 256 256
voxelsize = 1.000000000000000e+00 1.000000000000000e+00 1.000000000000000e+00
xras   = -1.000000000000000e+00 0.000000000000000e+00 0.000000000000000e+00
yras   = 0.000000000000000e+00 0.000000000000000e+00 -1.000000000000000e+00
zras   = 0.000000000000000e+00 1.000000000000000e+00 0.000000000000000e+00
cras   = -1.000000000000000e+00 -1.700000000000000e+01 1.900000000000000e+01
dst volume info
valid = 1  # volume info valid
filename = /Applications/freesurfer/average/RB_all_withskull_2008-03-26.gca
volume = 256 256 256
voxelsize = 1.000000000000000e+00 1.000000000000000e+00 1.000000000000000e+00
xras   = -1.000000000000000e+00 0.000000000000000e+00 0.000000000000000e+00
yras   = 0.000000000000000e+00 0.000000000000000e+00 -1.000000000000000e+00
zras   = 0.000000000000000e+00 1.000000000000000e+00 0.000000000000000e+00
cras   = 0.000000000000000e+00 0.000000000000000e+00 0.000000000000000e+00
